N  TPT  CMN  CPN
1000  0.234923 9400 2553
1000  0.455259 9400 2553
1000  0.674258 9400 2553
1000  0.893233 9400 2553
1000  1.11384 9400 2553
AVR  1000  0.674302 9400 2553
5000  2.30396 56396 15466
5000  3.53152 56396 15466
5000  4.76284 56396 15466
5000  6.00324 56396 15466
5000  7.2447 56396 15466
AVR  5000  4.76925 56396 15466
10000  9.75771 112428 33597
10000  12.3212 112428 33597
10000  14.8765 112428 33597
10000  17.4391 112428 33597
10000  19.9918 112428 33597
AVR  10000  14.8773 112428 33597
